0005600700
0045400101
0045400102
0045400103
0045400104
0045400105
0045400106
0045400107
0045400108
0045400109
0045400110
0045400111
0045500112
0045500113
0045500114
0045500115
0045500116
0045500117
0045500118
0045500119
0045500120
0047200101
0047200102
0047200103
0047200104
0047200105
0047200106
0047200107
0047200108
0047300101
0047300102
0047300103
0047300104
0047300105
0047300106
0047300107
0047300108
0047400109
0047400400
0047700200
0047700300
0047700400
0047700500
0047700600
0047701200
0047701300
0047701400
0047701500
0047701600
0047701800
0047800101
0047800102
0047800103
0047800104
0047800105
0047800106
0047900107
0047900108
0047900109
0047900201
0047900202
0047900203
0047900204
0048000105
0048000106
0048000107
0048000108
0048001000
0049100101
0049100102
0049100103
0049100104
0049200105
0049200106
0049200201
0049200202
0049300103
0049300104
0049300105
0049300106
0049400106
0054200201
0054200202
0054200203
0054200204
0054200205
0054300106
0054300107
0054300108
0054300300
0054300400
0054300600
0054300700
0054300800
0054300900
0054301100
0054301200
0054301300
0054400101
0054400102
0054400103
0054400104
0054400105
0054500106
0054500107
0054500108
0054500201
0054500202
0054500203
0054600104
0054600105
0054600106
0054600107
0054600108
0054600109
0054600110
0057600100
0057800800
0058000101
0058000102
0058000103
0058000104
0058000105
0058000106
0058000107
0058100108
0058100800
0058101000
0058101300
0058101402
0058101501
0058101502
0058800101
0058800102
0058800103
0058800104
0058800105
0058800106
0058800107
0058800108
0058800109
0058800110
0059002400
0072100300
0072100400
0072100500
0072100600
0072100700
0072100800
0072100900
0072101000
0072101400
0072101500
0072101800
0072501800
0072502200
0072600100
0072800300
0073003300
0073003400
0073003500
0073100300
0073100500
0073100600
0073100900
0073101000
0073101100
0073200800
0073501900
0076501300
0089400200
0089400300
0089400400
0089400500
0089400600
0089400700
0089400800
0096200300
0100401000
0149301500
0152501400
0152700700
0153900100
0154300600
0154501900
0154502000
0154502200
0154502300
0154502400
0154700101
0154700102
0154700103
0154700104
0154700105
0154700106
0154700107
0158800101
0158800102
0158800103
0158800104
0158800105
0158800106
0158900107
0158900108
0169103500
0169103700
0201501300
0211301200
0213800800
0220800100
0221700900
0222001500
0225900500
0237400400
0246900100
0251000900
0264101000
0272200500
0276900600
0281400301
0281400302
0281400303
0281400304
0281500105
0281500106
0281500107
0289801101
0289801102
0295000101
0295000102
0295100103
0295100104
0295200105
0295200106
0300400100
0300400200
0302800101
0302800102
0302800103
0302800104
0302800105
0302800106
0302800107
0302800108
0302800109
0302900101
0302900102
0302900103
0302900104
0302900105
0302900106
0302900107
0302900108
0305901200
0306100101
0306100102
0306100103
0306100104
0306100105
0306100106
0306100107
0306100108
0306401400
0321401000
0321401100
0328001500
0335300900
0335401601
0335401602
0335500103
0335500104
0335500105
0335500106
0335500107
0335500108
0335500109
0335600110
0335600111
0335600112
0335600113
0335600114
0335600115
0335700116
0335700117
0335700118
0335700119
0335700120
0341800700
0341801300
0352200900
0393800201
0393800202
0393800203
0404501800
0404501900
0404602800
0422800700
0423001500
0423401000
0425000700
0425001100
0425200700
0447100700
0447101600
0451400101
0451400102
0451400103
0451400104
0451400105
0451400106
0451400107
0451400108
0451500109
0451500110
0453900800
0454000600
0454500301
0454500302
0454500303
0454500304
0454600104
0454600105
0454600106
0454600107
0454700108
0454700109
0454700110
0464700200
0482100401
0482100402
0485000100
0500500101
0500500102
0500500103
0534500500
0534500700
0534501000
0534501200
0534501500
0545300300
0552900201
0553000102
0553000103
0555400306
0555503700
0555504200
0556000500
0559000800
0559002000
0561301700
0561901500
0562303900
0562304100
0576800200
0576800300
0576800400
0576800500
0576800600
0601002109
0601201900
0642200401
0642200402
0642200403
0642200404
0642300105
0642300106
0642300107
0642300108
0642500800
0653800900
0655500500
0655500600
0656500400
0660100400
0670001800
0671103000
0675000301
0675000302
0681701800
0681701900
0681702200
0681702300
0681702400
0681702500
0681702600
0681702700
0681702800
0683900100
0684400300
0685001400
0685700800
0685700900
0685701000
0685701100
0685701200
0687100301
0687100302
0687100303
0687100304
0687200105
0687200106
0688000700
0695100900
0695101100
0695101200
0695101300
0695101400
0695501000
0695501100
0695501200
0695501300
0695801400
0695801500
0695801600
0695801700
0695801800
0695801900
0695900100
0695900200
0696000200
0696001200
0710000300
0716200100
0716600300
0727200900
0746900400
0748001501
0748100102
0748100103
0748100104
0748100105
0748100106
0748200107
0748200108
0748400800
0748400900
0748401000
0748401100
0748401200
0748401300
0748401400
0748401500
0748401600
0748401700
0750900900
0757400100
0757400200
0757600500
0757700900
0758001300
0758300300
0765101000
0779001200
0794000601
0794000602
0794100103
0794100104
0794100105
0794100106
0794200107
0794200108
0794200109
0794200110
0794200111
0794300112
0794300113
0794300114
0794300115
0794400116
0794400117
0794400118
0794400119
0794500120
0794500121
0794500122
0794500123
0796500100
0807200201
0807200202
0807300103
0807300104
0807300105
0807400106
0814500300
0814500500
0814500600
0814500700
0818500400
0834901000
0835400200
0842500300
0846100101
0846100102
0846200103
0846200104
0846200105
0846300106
0846300107
0846300108
0846400109
0846400110
0846500111
0846500112
0846600113
0846600114
0846600115
0850200500
0850300500
0852400100
0856400101
0856400102
0856400103
0856400104
0856400105
0856500106
0856500107
0856500108
0856500109
0856500110
0861100700
0861100800
0861100900
0861101000
0861101100
0861101200
0861101300
0861101400
0861800300
0861800500
0861800800
0861801100
0861801200
0861801800
0864700101
0864700102
0864700103
0864700104
0864800105
0864800106
0864800107
0864800108
0864900200
0866000400
0866400700
0866400800
0866400900
0866401000
0866401100
0866401200
0866401300
0866401400
0866401500
0866900100
0866900200
0870700400
0871001000
0871001200
0871001300
0871001400
0871100800
0871200200
0871200400
0871200500
0871200600
0871200700
0871200800
0871200900
0871201000
0877000200
0881300101
0881300102
0881300103
0881300104
0881300105
0881400106
0881400107
0881400108
0883600500
0885900600
0885900700
0886100100
0886100300
0886100400
0886100500
0886100600
0886100700
0890200101
0890200102
0890200103
0890200104
0890300105
0890300106
0890300107
0890300108
0891000200
0894700400
0895700600
0895800700
0897700200
0897700300
0897700400
0898100101
0898100102
0898100103
0898200104
0898200105
0898200106
0898300107
0898300108
0898400500
0902200200
0902200300
0902200400
0902200500
0903201809
0908600600
0908700200
0908700300
0909600200
0926401000
0937901000
0944500101
0944500102
0944500103
0944500104
0944500105
0944600106
0944600107
0944600108
0944800101
0944800102
0944800103
0944800104
0944900105
0944900106
0944900107
0944900108
0948100700
0948100800
0948100900
0948300101
0948300102
0948300103
0948300104
0948300105
0948400106
0948400107
0948400108
0948400109
0948400110
0948500111
0948500112
0953900200
0955000401
0955000402
0955100103
0955100104
0955100105
0955100106
0957900200
0961100700
0961300200
0961300400
0961300500
0961300600
0961301100
0961301200
0961301400
0961301500
0983300800
1007600401
1007600402
1007600403
1007700104
1017801700
1020000700
1030600300
1030602000
1031801300
1038901500
1045700100
1045800800
1045900200
1048800101
1048800102
1048800103
1048900104
1048900105
1048900106
1049000107
1049000108
1049000109
1049100110
1049800700
1055900700
1056000800
1074200800
1087300100
1087301400
1087301500
1094500109
1104200101
1104200102
1108500400
1108700700
1108702200
1111700101
1111700102
1111700103
1111700104
1111700105
1111700106
1111800107
1111800108
1111800109
1111800110
1111800111
1111900112
1111900113
1111900114
1111900115
1111900116
1112401500
1112402100
1114201500
1114201800
1114501200
1118401400
1119500200
1119501800
1119501900
1122900300
1126100100
1126400100
1126500100
1126500700
1126501000
1126600700
1128801000
1128900100
1129501300
1129600101
1129600102
1129600103
1129600104
1129700105
1129700106
1129700107
1129700108
1136200101
1136200102
1136200103
1136200104
1136300105
1136300106
1136300107
1136300108
1140000900
1140701000
1143300400
1150901400
1154700500
1171900101
1171900102
1171900103
1171900104
1172000105
1172000106
1172000107
1172000108
1172100200
1172100600
1175100600
1175100700
1175100800
1175101300
1175101400
1181200700
1182101100
1182300100
1182600100
1182701100
1189202100
1191700200
1196600300
1205400100
1205400200
1205400300
1205400400
1205400500
1207302400
1217100800
1220100300
1221100700
1221200500
1221202000
1224000400
1224801900
1227100400
1227701300
1227701600
1231200800
1231200900
1240602200
1241901800
1241901900
1244000800
1255900300
1259900500
1269400100
1269400600
1269500500
1269600100
1269901700
1269901800
1270200200
1281901200
1282000101
1282000102
1282000103
1282000104
1282000105
1282100106
1282100107
1282100108
1282100109
1282100110
1283600200
1292800400
1292900100
1294000400
1300203200
1302901400
1304000700
1304100400
1304502000
1304502600
1304600100
1314601000
1325600300
1332601000
1332601100
1332601200
1332800900
1336200300
1346400500
1347000200
1377102100
1406100101
1406100102
1406100103
1406200104
1406200105
1406200106
1406300107
1409800800
1409801300
1416700500
1417100101
1417100102
1417100103
1417100104
1417100105
1417100106
1417100107
1417200108
1417200109
1427000500
1427000600
1427000700
1427900101
1427900102
1427900103
1427900104
1427900105
1427900106
1428000107
1428000108
1430400800
1430700800
1437302500
1448000100
1448800200
1459500601
1459500602
1462300700
1470000100
1480400101
1480400102
1480400103
1480400104
1483801200
1490300101
1490300102
1490300103
1490300104
1490400105
1490400106
1490400107
1490400108
1490500600
1494400500
1500600101
1500600102
1500600103
1500600104
1500700105
1500700106
1502800300
1511702500
1514901400
1515003000
1515101300
1524501200
1525500400
1535700300
1536301200
1545900300
1545900400
1546400500
1546400600
1557500600
1566700100
1566801000
1567702000
1567900700
1574800301
1574800302
1574800303
1574900104
1574900105
1574900106
1574900107
1575000108
1575000109
1576400101
1576400102
1576400103
1576400104
1576400105
1576400106
1576500107
1576500108
1578200500
1578202200
1580300900
1580400101
1580400102
1580400103
1580400104
1580400105
1580500106
1580500107
1580500800
1581600100
1606000101
1606000102
1606000103
1606000104
1606000105
1606100106
1606100107
1606100108
1608300400
1608301400
1620000400
1620400400
1620501400
1622600400
1622600600
1626900201
1626900202
1627000103
1627000104
1627000105
1627100106
1627100107
1627100108
1636700500
1636901601
1636901602
1637100700
1637101100
1637101200
1637101600
1640300600
1640400101
1640400102
1640400103
1640400104
1640400105
1640400106
1640400107
1640500108
1640500200
1646900300
1655000101
1655000102
1655000103
1655000104
1655100105
1655100106
1655100107
1655100108
1655200109
1655200110
1668500500
1668500600
1669100800
1676001300
1683400100
1683400800
1686200600
1690400500
1690400600
1690400900
1703100900
1711101400
1714201000
1720500700
1720904500
1720904800
1720904900
1721000900
1721100400
1731500200
1737300700
1737301000
1771000203
1772500600
1772900310
1773900700
1774300400
1776400301
1776500102
1776500203
1776500304
1776600105
1777900300
1779500101
1779500202
1779600103
1779600204
1779700105
1779800106
1780301100
1782900101
1783000102
1783100103
1783200104
1783300105
1783400106
A00969
A04520
A10726
A11260
A11265
A11267
A11954
A11959
A11966
A11974
A11975
A11978
A11981
A11983
A11988
A11989
A11991
A11992
A11994
A12001
A12010
A12017
A12021
A12023
A12024
A12030
A12032
A12034
A12035
A12040
A12043
A12044
A12045
A18592
A20951
A21136
A35289
A36592
A36704
A36757
A36759
A36983
A41993
A48052
A53517
A57763
A59309
A59422
A59493
A59496
A59497
A59501
A59503
A59508
A59520
A59525
A59527
A62946
A63158
A68278
A68726
A68727
A68931
A12016
A21144
A21184
A35283
A59305
A59345
A81182
A93031
A93033
